1,0.99895,0,-0.045776,0.043661,-0.30045,0.9528,-0.013753,-0.9538,-0.30014
2,-0.99366,0,0.11241,-0.10895,0.24618,-0.96308,-0.027674,-0.96922,-0.24462
3,-0.18235,0,-0.98323,0.97921,0.090411,-0.1816,0.088895,-0.9959,-0.016486
4,0.95987,0,-0.28045,0.27051,-0.26379,0.92587,-0.073978,-0.96458,-0.2532
5,0.65,-0,0.75993,-0.40393,-0.84704,0.3455,0.64369,-0.53153,-0.55058
6,-0.76071,0,0.64909,-0.6417,-0.15052,-0.75204,0.097702,-0.98861,0.1145
7,-0.9916,0,0.12932,-0.12646,0.20938,-0.96962,-0.027077,-0.97783,-0.20762
8,-0.88527,0,0.46507,-0.42018,-0.42864,-0.79982,0.19935,-0.90348,0.37946
9,-0.93432,0,0.35642,-0.33721,-0.32392,-0.88395,0.11545,-0.94608,0.30265
10,0.083981,-0,0.99647,-0.44651,-0.89399,0.037631,0.89083,-0.44809,-0.075078
11,-0.8266,0,0.56278,-0.4519,-0.59603,-0.66373,0.33543,-0.80296,0.49268
12,0.9956,-0,0.093667,-0.092451,-0.16061,0.98268,0.015044,-0.98702,-0.15991
13,0.89463,-0,0.44681,-0.40103,-0.44093,0.80297,0.19701,-0.89754,-0.39447
14,-0.99732,0,0.073119,-0.070486,0.26598,-0.9614,-0.019448,-0.96398,-0.26527
15,0.99816,-0,0.060563,-0.057443,-0.31683,0.94674,0.019188,-0.94848,-0.31625
16,0.65119,-0,0.75891,-0.55337,-0.68435,0.47482,0.51936,-0.72916,-0.44564
17,0.98317,-0,0.18267,-0.1808,-0.14283,0.97309,0.02609,-0.98975,-0.14042
18,-0.01022,0,0.99995,-0.89195,-0.45204,-0.009116,0.45202,-0.892,0.0046197
19,-0.57423,0,0.81869,-0.81843,0.025101,-0.57405,-0.02055,-0.99968,-0.014414
20,-0.4749,0,-0.88004,0.83722,0.30813,-0.45179,0.27117,-0.95134,-0.14633
21,0.53072,0,-0.84755,0.78807,0.368,0.49347,0.3119,-0.92982,0.19531
22,-0.83268,0,0.55375,-0.54078,0.21514,-0.81318,-0.11913,-0.97658,-0.17915
23,0.94017,0,-0.34071,0.27503,-0.59024,0.75893,-0.2011,-0.80723,-0.55492
24,0.98839,0,-0.15192,0.10273,-0.7367,0.66837,-0.11192,-0.67622,-0.72815
25,0.14879,-0,0.98887,-0.94012,-0.3101,0.14146,0.30665,-0.9507,-0.04614
26,0.035785,-0,0.99936,-0.97111,0.23607,0.034774,-0.23592,-0.97174,0.0084477
27,0.97905,-0,0.20363,-0.2025,-0.10498,0.97364,0.021378,-0.99447,-0.10279
28,-0.41647,0,0.90915,-0.90483,0.097317,-0.4145,-0.088476,-0.99525,-0.04053
29,0.73877,0,-0.67396,0.66785,0.13432,0.73207,0.090525,-0.99094,0.099231
30,-0.65087,0,-0.75919,0.75646,0.08469,-0.64854,0.064295,-0.99641,-0.055122
31,0.65951,0,-0.75169,0.74619,0.12078,0.65469,0.090786,-0.99268,0.079653
32,0.81024,-0,0.5861,-0.5435,-0.37426,0.75136,0.21935,-0.92732,-0.30324
33,-0.25383,0,0.96725,-0.87457,0.42715,-0.22951,-0.41316,-0.90418,-0.10842
34,0.023442,-0,0.99973,-0.99736,0.068681,0.023387,-0.068662,-0.99764,0.00161
35,0.35208,0,-0.93597,0.74235,-0.60905,0.27924,-0.57006,-0.79313,-0.21444
36,-0.97288,0,0.23132,-0.23034,-0.091701,-0.96878,0.021212,-0.99579,0.089214
37,0.70083,-0,0.71333,-0.5975,-0.54626,0.58702,0.38966,-0.83762,-0.38283
38,-0.23686,0,0.97154,-0.85263,-0.47938,-0.20787,0.46574,-0.87761,0.11354
39,0.28463,0,-0.95864,0.95582,0.076577,0.2838,0.07341,-0.99706,0.021797
40,-0.79269,0,0.60962,-0.47689,-0.62293,-0.6201,0.37975,-0.78228,0.49379
41,0.69719,0,-0.71689,0.67126,0.35105,0.65282,0.25166,-0.93636,0.24475
42,-0.45591,0,0.89002,-0.88371,-0.11887,-0.45268,0.1058,-0.99291,0.054196
43,-0.93529,0,0.35387,-0.34198,0.25708,-0.90386,-0.090974,-0.96639,-0.24045
44,-0.78893,0,0.61448,-0.60326,0.19021,-0.77453,-0.11688,-0.98174,-0.15006
45,-0.97115,0,0.23848,-0.23827,-0.042029,-0.97029,0.010023,-0.99912,0.040817
46,0.61602,0,-0.78773,0.71428,-0.42165,0.55859,-0.33214,-0.90676,-0.25974
47,-0.099504,0,0.99504,-0.99127,0.086979,-0.099127,-0.086547,-0.99621,-0.0086547
48,-0.45752,0,-0.8892,0.88179,-0.12884,-0.45371,-0.11457,-0.99166,0.058949
49,0.46032,0,-0.88775,0.58987,-0.74734,0.30586,-0.66345,-0.66445,-0.34401
50,0.94238,-0,0.33455,-0.32095,-0.2823,0.90405,0.094443,-0.95933,-0.26603
51,0.51616,0,-0.85649,0.84232,0.18113,0.50762,0.15514,-0.98346,0.093495
52,-0.92761,0,0.37354,-0.36123,0.25464,-0.89703,-0.09512,-0.96704,-0.23621
53,0.99948,-0,0.032177,-0.031813,-0.14997,0.98818,0.0048256,-0.98869,-0.14989
54,0.84065,-0,0.54158,-0.42784,-0.61313,0.6641,0.33206,-0.78998,-0.51543
55,-0.97746,0,-0.21112,0.18732,-0.46124,-0.86728,-0.097377,-0.88727,0.45085
56,-0.57408,0,-0.8188,0.81759,-0.054413,-0.57323,-0.044553,-0.99852,0.031237
57,0.60321,0,-0.79758,0.73344,-0.39291,0.5547,-0.31338,-0.91958,-0.23701
58,0.61698,-0,0.78698,-0.78323,0.097504,0.61404,-0.076734,-0.99524,0.060158
59,0.49824,-0,0.86704,-0.86654,-0.033715,0.49796,0.029232,-0.99943,-0.016798
60,0.97021,-0,0.24227,-0.24223,-0.017867,0.97005,0.0043286,-0.99984,-0.017335
61,-0.27242,0,0.96218,-0.95647,0.10879,-0.2708,-0.10467,-0.99406,-0.029636
62,0.90536,-0,0.42465,-0.40892,-0.26964,0.87183,0.1145,-0.96296,-0.24412
63,-0.63475,0,-0.77271,0.77028,0.07937,-0.63275,0.06133,-0.99685,-0.05038
64,-0.93662,0,0.35035,-0.32675,-0.36085,-0.87351,0.12643,-0.93262,0.33798
65,-0.78433,0,0.62034,-0.60806,0.198,-0.7688,-0.12283,-0.9802,-0.1553
66,-0.2809,0,0.95974,-0.95453,0.10399,-0.27938,-0.099806,-0.99458,-0.029212
67,-0.96902,0,0.24699,-0.23863,0.25797,-0.93622,-0.063715,-0.96615,-0.24998
68,-0.97584,0,0.2185,-0.21752,0.094511,-0.97147,-0.020651,-0.99552,-0.092228
69,-0.32021,0,0.94735,-0.9425,-0.10101,-0.31857,0.095688,-0.99489,0.032343
70,-0.23495,0,0.97201,-0.77173,0.60798,-0.18654,-0.59096,-0.79395,-0.14284
71,0.88759,0,-0.46063,0.45023,-0.21131,0.86755,-0.097335,-0.97742,-0.18755
72,0.083887,0,-0.99648,0.9963,0.01864,0.083872,0.018574,-0.99983,0.0015636
73,0.39466,-0,0.91883,-0.83506,-0.41717,0.35868,0.3833,-0.90883,-0.16464
74,0.93764,0,-0.34762,0.34757,0.016885,0.9375,0.0058697,-0.99986,0.015832
75,-0.44888,0,0.89359,-0.89325,-0.02768,-0.44871,0.024734,-0.99962,0.012425
76,0.52047,-0,0.85388,-0.84526,0.14175,0.51521,-0.12104,-0.9899,0.073778
77,0.9867,0,-0.16256,0.15368,0.32598,0.9328,0.052993,-0.94538,0.32165
78,-0.99783,0,0.065841,-0.064951,0.16386,-0.98434,-0.010789,-0.98648,-0.16351
79,-0.60728,0,0.79449,-0.74234,0.35631,-0.56743,-0.28308,-0.93437,-0.21638
80,0.07464,-0,0.99721,-0.86091,-0.50465,0.064439,0.50324,-0.86332,-0.037667
81,0.91604,-0,0.40108,-0.3678,-0.39879,0.84005,0.15995,-0.91704,-0.36531
82,0.16806,-0,0.98578,-0.93944,-0.30299,0.16016,0.29868,-0.95299,-0.05092
83,-0.71736,0,-0.6967,0.69615,-0.039915,-0.71679,-0.027809,-0.9992,0.028633
84,-0.70116,0,0.71301,-0.70947,0.099533,-0.69767,-0.070967,-0.99503,-0.069788
85,-0.72326,0,-0.69057,0.68922,0.062477,-0.72185,0.043145,-0.99805,-0.045187
86,0.053679,-0,0.99856,-0.85564,-0.51552,0.045996,0.51478,-0.85688,-0.027672
87,-0.99927,0,0.038328,-0.038002,0.13005,-0.99078,-0.0049844,-0.99151,-0.12995
88,-0.36898,0,-0.92944,0.83041,-0.44914,-0.32967,-0.41745,-0.89346,0.16573
89,-0.67424,0,0.73852,-0.58103,-0.61727,-0.53046,0.45586,-0.78676,0.41618
90,-0.41097,0,0.91165,-0.90881,0.07882,-0.40969,-0.071856,-0.99689,-0.032392
91,0.59314,0,-0.8051,0.73712,-0.40218,0.54306,-0.32379,-0.91556,-0.23855
92,-0.026302,0,0.99965,-0.88464,0.46569,-0.023276,-0.46553,-0.88495,-0.012249
93,-0.97258,0,-0.23255,0.23244,-0.030323,-0.97214,-0.0070516,-0.99954,0.029492
94,0.84967,0,-0.52731,0.51129,0.24462,0.82386,0.12899,-0.96962,0.20785
95,-0.53502,0,-0.84484,0.73153,-0.50025,-0.46327,-0.42263,-0.86588,0.26764
96,-0.34612,0,-0.93819,0.9365,0.059988,-0.3455,0.05628,-0.9982,-0.020763
97,0.76466,-0,0.64443,-0.54526,-0.533,0.64699,0.34348,-0.84611,-0.40757
98,0.97224,0,-0.234,0.23393,-0.023099,0.97198,-0.0054052,-0.99973,-0.022458
99,-0.39955,0,0.91671,-0.91613,0.035451,-0.3993,-0.032498,-0.99937,-0.014164
100,0.71677,0,-0.69731,0.69067,-0.13768,0.70995,-0.096005,-0.99048,-0.098685
101,0.99881,0,-0.048791,0.048469,-0.11476,0.99221,-0.005599,-0.99339,-0.11462
102,-0.61944,0,0.78504,-0.7536,-0.28021,-0.59463,0.21997,-0.95994,0.17357
103,0.75568,-0,0.65494,-0.61622,-0.33876,0.711,0.22187,-0.94087,-0.25599
104,0.097255,-0,0.99526,-0.48447,-0.87352,0.047342,0.86938,-0.48678,-0.084955
105,0.19469,-0,0.98086,-0.7433,0.65248,0.14754,-0.64,-0.75781,0.12703
106,-0.26056,0,-0.96546,0.92905,-0.27202,-0.25074,-0.26262,-0.96229,0.070879
107,0.68719,-0,0.72648,-0.41394,-0.82178,0.39156,0.59701,-0.5698,-0.56472
108,0.25922,0,-0.96582,0.52888,-0.83674,0.14195,-0.80814,-0.5476,-0.2169
109,-0.6881,0,-0.72561,0.7256,0.0064469,-0.68809,0.004678,-0.99998,-0.0044361
110,-0.62799,0,0.77822,-0.76822,-0.15981,-0.61992,0.12437,-0.98715,0.10036
111,-0.92126,0,0.38896,-0.30779,-0.61141,-0.72901,0.23781,-0.79132,0.56326
112,0.91103,0,-0.41234,0.40485,-0.18979,0.89447,-0.078259,-0.98182,-0.1729
113,-0.90147,0,0.43284,-0.40125,-0.37501,-0.83568,0.16232,-0.92702,0.33806
114,0.4025,-0,0.91542,-0.53084,-0.81469,0.23341,0.74579,-0.57989,-0.32792
115,-0.6631,0,0.74853,-0.74034,0.14754,-0.65584,-0.11044,-0.98906,-0.097834
116,-0.45048,0,-0.89279,0.8829,0.14845,-0.44549,0.13253,-0.98892,-0.066872
117,-0.68128,0,-0.73202,0.70553,-0.2666,-0.65662,-0.19516,-0.96381,0.18163
118,0.72924,0,-0.68426,0.64221,-0.34515,0.68442,-0.23618,-0.93855,-0.2517
119,0.91534,-0,0.40268,-0.36097,-0.4432,0.82053,0.17847,-0.89642,-0.40568
120,-0.22601,0,0.97413,-0.82446,-0.53261,-0.19128,0.51883,-0.84636,0.12037
121,-0.93512,0,-0.35433,0.27334,-0.63632,-0.72138,-0.22547,-0.77142,0.59504
122,0.99965,0,-0.026598,0.025501,0.28419,0.95843,0.0075588,-0.95877,0.28408
123,-0.027762,0,0.99961,-0.95327,0.30095,-0.026475,-0.30084,-0.95364,-0.0083552
124,-0.88802,0,-0.4598,0.45879,-0.066446,-0.88606,-0.030552,-0.99779,0.059006
125,0.95569,-0,0.29436,-0.19708,-0.74281,0.63984,0.21866,-0.6695,-0.7099
126,-0.02285,0,0.99974,-0.99668,-0.078135,-0.02278,0.078115,-0.99694,0.0017854
127,0.97243,0,-0.2332,0.23293,-0.047729,0.97132,-0.01113,-0.99886,-0.046413
128,0.27482,-0,0.9615,-0.95988,0.057962,0.27436,-0.05573,-0.99832,0.015929
129,0.97253,-0,0.23278,-0.16586,-0.70163,0.69297,0.16332,-0.71254,-0.68236
130,0.3716,-0,0.92839,-0.85431,-0.39145,0.34195,0.36342,-0.9202,-0.14546
131,-0.83555,0,0.54941,-0.40329,-0.67912,-0.61332,0.37312,-0.73403,0.56744
132,-0.16328,0,0.98658,-0.48423,-0.87126,-0.080142,0.85957,-0.49081,0.14226
133,0.0087914,-0,0.99996,-0.99155,0.12947,0.0087174,-0.12946,-0.99158,0.0011382
134,0.99077,-0,0.13558,-0.13527,0.067532,0.9885,-0.0091563,-0.99772,0.066908
135,0.89005,0,-0.45587,0.41119,-0.43173,0.80283,-0.19681,-0.902,-0.38426
136,-0.73842,0,-0.67435,0.66001,0.2051,-0.72272,0.13831,-0.97874,-0.15145
137,-0.67205,0,0.7405,-0.5447,-0.67743,-0.49435,0.50164,-0.73559,0.45527
138,0.2923,-0,0.95633,-0.90545,0.32184,0.27675,-0.30778,-0.9468,0.094073
139,0.901,0,-0.43382,0.42056,0.24529,0.87348,0.10641,-0.96945,0.221
140,0.74169,-0,0.67074,-0.47705,-0.70296,0.52751,0.4715,-0.71123,-0.52138
141,0.76301,-0,0.64639,-0.29105,-0.89289,0.34356,0.57715,-0.45027,-0.68128
142,0.1462,0,-0.98925,0.9891,0.017713,0.14618,0.017522,-0.99984,0.0025896
143,-0.20597,0,0.97856,-0.82146,-0.54342,-0.1729,0.53176,-0.83946,0.11193
144,0.1347,0,-0.99089,0.97483,0.17929,0.13252,0.17766,-0.9838,0.024151
145,-0.94348,0,0.33142,-0.12917,-0.92093,-0.36771,0.30521,-0.38973,0.86888
146,-0.034511,0,0.9994,-0.9796,-0.19807,-0.033828,0.19796,-0.98019,0.0068358
147,-0.54591,0,0.83784,-0.8354,0.076277,-0.54432,-0.063908,-0.99709,-0.04164
148,-0.14642,0,-0.98922,0.98529,-0.08906,-0.14584,-0.0881,-0.99603,0.01304
149,0.86131,0,-0.50809,0.49956,0.18238,0.84686,0.092666,-0.98323,0.15709
150,0.67383,0,-0.73888,0.58332,-0.6138,0.53196,-0.45353,-0.78946,-0.4136
151,0.91236,0,-0.4094,0.37468,0.40301,0.83498,0.16499,-0.91519,0.36769
152,-0.57612,0,-0.81736,0.80856,0.14639,-0.56992,0.11965,-0.98923,-0.084338
153,0.01022,-0,0.99995,-0.96362,-0.26709,0.0098484,0.26708,-0.96367,-0.0027296
154,0.95665,-0,0.29124,-0.27589,-0.32041,0.90621,0.093318,-0.94728,-0.30652
155,-0.82675,0,0.56256,-0.39895,-0.70504,-0.58631,0.39663,-0.70917,0.58289
156,-0.080687,0,0.99674,-0.99572,-0.04515,-0.080605,0.045003,-0.99898,0.003643
157,-0.40363,0,0.91492,-0.89233,0.22083,-0.39367,-0.20204,-0.97531,-0.089135
158,0.37261,-0,0.92799,-0.85153,-0.39749,0.34191,0.36886,-0.91761,-0.14811
159,-0.18407,0,0.98291,-0.98198,-0.043514,-0.18389,0.042771,-0.99905,0.0080096
160,0.99459,0,-0.1039,0.098534,-0.31717,0.94324,-0.032953,-0.94837,-0.31545
161,-0.57948,0,0.81499,-0.59525,-0.68304,-0.42324,0.55667,-0.73038,0.39581
162,-0.5904,0,0.80711,-0.64872,-0.59496,-0.47454,0.4802,-0.80376,0.35126
163,0.6585,0,-0.75258,0.54656,-0.68743,0.47824,-0.51734,-0.72625,-0.45268
164,0.99081,-0,0.13527,-0.13267,-0.19542,0.97171,0.026435,-0.98072,-0.19362
165,0.048441,0,-0.99883,0.99856,0.022948,0.048429,0.022921,-0.99974,0.0011117
166,0.75428,-0,0.65655,-0.62801,-0.29164,0.72149,0.19147,-0.95653,-0.21998
167,-0.093804,0,0.99559,-0.98902,-0.11468,-0.093185,0.11417,-0.9934,0.010757
168,-0.59764,0,0.80176,-0.77967,-0.23315,-0.58117,0.18693,-0.97244,0.13934
169,-0.52555,0,-0.85076,0.82765,-0.23152,-0.51127,-0.19697,-0.97283,0.12168
170,0.14304,-0,0.98972,-0.97396,-0.17771,0.14076,0.17589,-0.98408,-0.02542
171,-0.90744,0,0.42018,-0.42018,0.00090271,-0.90744,-0.0003793,-1,-0.00081916
172,-0.7999,0,0.60014,-0.5491,-0.40355,-0.73187,0.24219,-0.91496,0.3228
173,0.24788,-0,0.96879,-0.95008,0.19561,0.24309,-0.1895,-0.98068,0.048488
174,0.2573,0,-0.96633,0.66863,-0.72197,0.17803,-0.69766,-0.69193,-0.18576
175,0.55545,-0,0.83155,-0.63275,-0.64884,0.42266,0.53954,-0.76093,-0.3604
176,0.99054,0,-0.13723,0.12788,-0.36291,0.92301,-0.049804,-0.93182,-0.35948
177,-0.27706,0,0.96085,-0.84739,0.4714,-0.24434,-0.45295,-0.88192,-0.13061
178,0.89403,-0,0.44801,-0.24701,-0.83428,0.49292,0.37377,-0.55134,-0.74587
179,0.3777,0,-0.92593,0.91911,0.12116,0.37492,0.11219,-0.99263,0.045763
180,-0.10897,0,-0.99404,0.99398,-0.011024,-0.10896,-0.010958,-0.99994,0.0012013
181,0.46712,0,-0.88419,0.83712,0.32194,0.44225,0.28466,-0.94676,0.15039
182,-0.2752,0,0.96139,-0.88505,0.39051,-0.25335,-0.37543,-0.9206,-0.10747
183,0.3704,0,-0.92887,0.92402,0.10204,0.36847,0.094781,-0.99478,0.037795
184,-0.58228,0,0.81299,-0.41259,-0.86165,-0.29551,0.70051,-0.5075,0.50172
185,-0.56239,0,0.82687,-0.36369,-0.89808,-0.24736,0.74259,-0.43984,0.50507
186,0.44564,-0,0.89521,-0.88039,0.18121,0.43826,-0.16222,-0.98344,0.080754
187,-0.22615,0,-0.97409,0.92097,-0.32572,-0.21381,-0.31728,-0.94547,0.07366
188,-0.54173,0,0.84055,-0.83953,-0.049378,-0.54107,0.041505,-0.99878,0.02675
189,-0.56368,0,-0.82599,0.70902,-0.513,-0.48385,-0.42374,-0.85839,0.28917
190,-0.1525,0,0.9883,-0.7779,-0.61682,-0.12003,0.6096,-0.7871,0.094066
191,0.77348,0,-0.63382,0.63359,0.026913,0.7732,0.017058,-0.99964,0.020817
192,0.5563,0,-0.83098,0.43571,-0.85152,0.29168,-0.70759,-0.52433,-0.4737
193,-0.54105,0,-0.84099,0.83772,0.088187,-0.53894,0.074164,-0.9961,-0.047713
194,0.7676,0,-0.64093,0.50184,-0.62204,0.60101,-0.39869,-0.78298,-0.47748
195,0.52578,-0,0.85062,-0.85005,0.036678,0.52543,-0.031199,-0.99933,0.019285
196,-0.58747,0,-0.80924,0.58886,-0.68593,-0.42749,-0.55508,-0.72767,0.40296
197,-0.89276,0,0.45053,-0.38041,-0.53577,-0.75382,0.24138,-0.84436,0.47832
198,-0.63347,0,-0.77377,0.76888,0.11229,-0.62946,0.086887,-0.99368,-0.071132
199,0.8605,-0,0.50945,-0.44428,-0.48936,0.75043,0.2493,-0.87208,-0.4211
200,-0.043135,0,0.99907,-0.99279,-0.11197,-0.042864,0.11187,-0.99371,0.0048299
201,0.99811,0,-0.061406,0.040498,-0.7517,0.65826,-0.046159,-0.65951,-0.75028
202,-0.75292,0,-0.65812,0.63427,0.26672,-0.72564,0.17553,-0.96377,-0.20082
203,-0.091979,0,0.99576,-0.99422,0.05556,-0.091837,-0.055324,-0.99846,-0.0051103
204,0.97919,0,-0.20297,0.19213,-0.32235,0.92692,-0.065426,-0.94662,-0.31564
205,-0.6193,0,0.78516,-0.33001,-0.90738,-0.2603,0.71243,-0.42032,0.56194
206,0.48867,0,-0.87247,0.72903,-0.54934,0.40833,-0.47928,-0.8356,-0.26845
207,0.69475,-0,0.71925,-0.7051,0.19743,0.68108,-0.142,-0.98032,0.13716
208,0.36194,-0,0.9322,-0.92175,0.14933,0.35788,-0.13921,-0.98879,0.05405
209,0.8645,-0,0.50264,-0.50127,-0.073548,0.86216,0.036968,-0.99729,-0.063582
210,-0.806,0,-0.59192,0.59051,-0.06902,-0.80407,-0.040854,-0.99762,0.05563
211,0.63474,0,-0.77273,0.59531,-0.63757,0.489,-0.49266,-0.7704,-0.40469
212,-0.97538,0,0.22054,-0.21363,-0.24832,-0.94483,0.054764,-0.96868,0.2422
213,0.68616,0,-0.72745,0.6509,-0.44652,0.61396,-0.32482,-0.89477,-0.30639
214,-0.65484,0,0.75577,-0.28601,-0.92563,-0.24782,0.69956,-0.37844,0.60613
215,-0.9875,0,-0.1576,0.11567,-0.67916,-0.72482,-0.10703,-0.73399,0.67067
216,-0.16792,0,0.9858,-0.92745,-0.33895,-0.15798,0.33413,-0.94081,0.056917
217,-0.53981,0,0.84179,-0.36576,-0.90067,-0.23455,0.75817,-0.43451,0.48619
218,0.038049,0,-0.99928,0.99897,0.024939,0.038038,0.024921,-0.99969,0.0009489
219,-0.15929,0,-0.98723,0.95833,0.24018,-0.15463,0.23712,-0.97073,-0.03826
220,-0.36999,0,-0.92903,0.92307,0.11309,-0.36762,0.10507,-0.99358,-0.041844
221,-0.33593,0,0.94189,-0.93953,-0.070686,-0.33509,0.066578,-0.9975,0.023746
222,0.97283,-0,0.23151,-0.22073,-0.30154,0.92755,0.069811,-0.95345,-0.29335
223,0.75201,0,-0.65916,0.49887,-0.65362,0.56914,-0.43084,-0.75683,-0.49152
224,-0.40737,0,-0.91326,0.91326,0.0025851,-0.40737,0.0023609,-1,-0.0010531
225,-0.92145,0,-0.38849,0.38799,-0.050646,-0.92027,-0.019675,-0.99872,0.046667
226,0.9853,-0,0.17084,-0.17084,0.0037352,0.98529,-0.00063813,-0.99999,0.0036802
227,-0.49475,0,-0.86903,0.84427,0.23701,-0.48066,0.20597,-0.97151,-0.11726
228,0.4448,0,-0.89563,0.70855,-0.61167,0.35189,-0.54783,-0.79112,-0.27207
229,-0.91706,0,0.39876,-0.20836,-0.85263,-0.47917,0.33999,-0.52251,0.78191
230,0.6086,-0,0.79347,-0.76758,-0.25338,0.58874,0.20105,-0.96737,-0.15421
231,-0.18992,0,-0.9818,0.35383,-0.9328,-0.068445,-0.91582,-0.36039,0.17716
232,-0.73029,0,0.68314,-0.20463,-0.95408,-0.21876,0.65177,-0.29955,0.69676
233,-0.99135,0,0.13127,-0.13123,-0.022828,-0.99109,0.0029966,-0.99974,0.022631
234,-0.99487,0,0.10113,-0.028654,-0.95902,-0.2819,0.096982,-0.28335,0.9541
235,0.13643,0,-0.99065,0.98809,0.071779,0.13608,0.071108,-0.99742,0.0097931
236,-0.71209,0,-0.70209,0.69414,0.15012,-0.70402,0.1054,-0.98867,-0.1069
237,0.99851,-0,0.054489,-0.054102,0.11893,0.99143,-0.0064802,-0.9929,0.11875
238,0.17865,-0,0.98391,-0.46778,-0.87976,0.084932,0.86561,-0.47542,-0.15717
239,-0.21626,0,0.97634,-0.86535,-0.46306,-0.19168,0.4521,-0.88633,0.10014
240,-0.99765,0,0.068459,-0.064817,-0.32182,-0.94458,0.022031,-0.9468,0.32106
241,0.26731,-0,0.96361,-0.94367,0.20236,0.26178,-0.19499,-0.97931,0.054092
242,0.98225,-0,0.18758,-0.18689,-0.085453,0.97866,0.016029,-0.99634,-0.083936
243,-0.61375,0,-0.7895,0.78465,0.11067,-0.60998,0.08737,-0.99386,-0.067921
244,0.26023,-0,0.96555,-0.96521,0.026434,0.26014,-0.025523,-0.99965,0.0068789
245,0.68049,-0,0.73276,-0.72842,0.10868,0.67646,-0.079636,-0.99408,0.073955
246,0.94351,0,-0.33133,0.33019,-0.083016,0.94026,-0.027506,-0.99655,-0.078327
247,-0.99809,0,-0.0618,0.059859,-0.24863,-0.96675,-0.015365,-0.9686,0.24815
248,-0.88017,0,0.47465,-0.45328,0.29669,-0.84054,-0.14082,-0.95497,-0.26114
249,0.27019,0,-0.96281,0.85842,-0.45286,0.2409,-0.43602,-0.89158,-0.12236
250,-0.41892,0,-0.90802,0.88382,0.22935,-0.40776,0.20825,-0.97334,-0.09608
251,0.99196,-0,0.12651,-0.1264,-0.042301,0.99108,0.0053517,-0.9991,-0.041961
252,0.65943,0,-0.75177,0.68985,-0.39741,0.60512,-0.29876,-0.91764,-0.26206
253,0.62897,0,-0.77743,0.73895,0.31072,0.59784,0.24156,-0.9505,0.19543
254,0.16926,-0,0.98557,-0.97054,-0.17397,0.16668,0.17146,-0.98475,-0.029446
255,0.0079895,0,-0.99997,0.99389,0.1101,0.007941,0.1101,-0.99392,0.00087967
256,-0.49659,0,-0.86798,0.78191,-0.43415,-0.44735,-0.37684,-0.90084,0.2156
257,0.98293,-0,0.18398,-0.17497,-0.30907,0.93481,0.056862,-0.95104,-0.30379
258,0.34497,0,-0.93861,0.88634,0.32905,0.32576,0.30885,-0.94431,0.11351
259,0.70018,0,-0.71397,0.71326,-0.044379,0.69949,-0.031685,-0.99901,-0.031074
260,0.99709,-0,0.076265,-0.060621,-0.60678,0.79256,0.046276,-0.79487,-0.60501
261,-0.98309,0,0.18311,-0.1783,0.22755,-0.9573,-0.041667,-0.97377,-0.22371
262,0.90183,-0,0.43209,-0.36272,0.54343,0.75705,-0.23481,-0.83946,0.49008
263,0.99738,-0,0.072371,-0.071281,-0.17291,0.98235,0.012514,-0.98494,-0.17246
264,-0.12432,0,-0.99224,0.99087,0.052601,-0.12415,0.052193,-0.99862,-0.0065394
265,0.96592,0,-0.25886,0.23695,-0.4026,0.88418,-0.10421,-0.91538,-0.38887
266,-0.97867,0,0.20543,-0.20029,0.22216,-0.95422,-0.045637,-0.97501,-0.21742
267,0.9194,-0,0.39332,-0.34948,-0.45877,0.81694,0.18044,-0.88856,-0.42179
268,0.79842,0,-0.6021,0.55433,-0.39036,0.73507,-0.23504,-0.92066,-0.31167
269,0.85294,0,-0.52201,0.503,-0.26741,0.82188,-0.13959,-0.96358,-0.22808
270,-0.4269,0,0.9043,-0.89276,0.15927,-0.42145,-0.14403,-0.98723,-0.067994
271,0.59325,0,-0.80502,0.79401,0.16484,0.58513,0.1327,-0.98632,0.097792
272,0.85695,-0,0.5154,-0.33092,0.76665,0.55022,-0.39513,-0.64207,0.65698
273,-0.93869,0,0.34477,-0.20592,-0.80204,-0.56065,0.27652,-0.59727,0.75287
274,-0.059218,0,0.99825,-0.86903,-0.49207,-0.051552,0.49121,-0.87055,0.029139
275,0.22863,-0,0.97351,-0.96802,0.1061,0.22734,-0.10329,-0.99436,0.024259
276,0.87711,0,-0.48029,0.48021,0.017707,0.87697,0.0085044,-0.99984,0.015531
277,-0.59832,0,0.80126,-0.25928,-0.9462,-0.19361,0.75815,-0.32359,0.56613
278,0.076053,0,-0.9971,0.98786,0.13585,0.075348,0.13545,-0.99073,0.010332
279,-0.68934,0,-0.72444,0.72379,0.042263,-0.68873,0.030617,-0.99911,-0.029133
280,-0.68703,0,0.72663,-0.24107,-0.94336,-0.22793,0.68548,-0.33177,0.64812
281,0.52979,-0,0.84813,-0.73656,-0.49578,0.46009,0.42049,-0.86845,-0.26266
282,0.99858,0,-0.053308,0.052823,-0.1346,0.98949,-0.0071751,-0.9909,-0.13441
283,0.46206,0,-0.88685,0.8669,-0.21088,0.45167,-0.18702,-0.97751,-0.097441
284,-0.99972,0,-0.023866,0.017744,-0.66876,-0.74327,-0.01596,-0.74348,0.66857
285,-0.60644,0,0.79513,-0.79015,0.11171,-0.60264,-0.088822,-0.99374,-0.067744
286,-0.70445,0,0.70976,-0.18358,-0.96597,-0.1822,0.68561,-0.25864,0.68047
287,0.66171,0,-0.74976,0.68959,0.3925,0.60861,0.29428,-0.91975,0.25972
288,0.99903,0,-0.043969,0.039854,0.42242,0.90552,0.018574,-0.9064,0.42202
289,-0.22106,0,-0.97526,0.97494,-0.025643,-0.22098,-0.025008,-0.99967,0.0056685
290,-0.64568,0,0.76361,-0.52974,-0.72023,-0.44793,0.54998,-0.69373,0.46504
291,-0.99998,0,0.006424,-0.0041058,-0.7691,-0.63912,0.0049407,-0.63913,0.76908
292,-0.41317,0,0.91066,-0.7038,-0.63459,-0.31932,0.57789,-0.77285,0.26219
293,-0.71125,0,-0.70294,0.69961,-0.09723,-0.70788,-0.068347,-0.99526,0.069155
294,0.56549,0,-0.82476,0.82111,0.093904,0.56299,0.077448,-0.99558,0.053101
295,-0.10498,0,0.99447,-0.97386,-0.20255,-0.1028,0.20143,-0.97927,0.021263
296,-0.46763,0,-0.88393,0.71919,-0.58138,-0.38048,-0.5139,-0.81363,0.27187
297,0.99669,-0,0.081312,-0.077565,0.30005,0.95077,-0.024397,-0.95392,0.29905
298,0.85804,0,-0.51358,0.51235,0.069316,0.85598,0.035599,-0.99759,0.059476
299,0.49174,0,-0.87074,0.86217,0.14001,0.48689,0.12191,-0.99015,0.068846
300,-0.88022,0,0.47457,-0.41329,-0.49149,-0.76657,0.23325,-0.87088,0.43262
301,0.44295,-0,0.89655,-0.88086,-0.18628,0.43519,0.16701,-0.9825,-0.082511
302,-0.93812,0,0.34631,-0.062859,-0.98339,-0.17028,0.34055,-0.18151,0.92254
303,-0.31002,0,0.95073,-0.94655,-0.093675,-0.30865,0.089059,-0.9956,0.029041
304,0.4301,0,-0.90278,0.90277,0.0048785,0.4301,0.0044042,-0.99999,0.0020982
305,0.30246,-0,0.95316,-0.90059,0.32752,0.28578,-0.31218,-0.94484,0.099061
306,0.15263,0,-0.98828,0.94621,0.28867,0.14613,0.28528,-0.95743,0.044059
307,0.66155,0,-0.7499,0.74367,0.12858,0.65606,0.096425,-0.9917,0.085065
308,0.30788,-0,0.95143,-0.89424,-0.34145,0.28937,0.32487,-0.9399,-0.10513
309,-0.1065,0,0.99431,-0.97209,0.21022,-0.10412,-0.20902,-0.97765,-0.022389
310,-0.97552,0,0.21989,-0.13407,-0.79263,-0.59478,0.17429,-0.6097,0.77323
311,0.10869,-0,0.99408,-0.64794,-0.75839,0.070841,0.7539,-0.6518,-0.082426
312,0.74333,0,-0.66892,0.66477,0.11123,0.73872,0.074402,-0.99379,0.082679
313,0.47236,-0,0.88141,-0.86694,-0.18041,0.46461,0.15902,-0.98359,-0.08522
314,0.11585,-0,0.99327,-0.85455,-0.50971,0.099669,0.50628,-0.86035,-0.059048
315,-0.39758,0,0.91757,-0.89358,0.22714,-0.38719,-0.20842,-0.97386,-0.090306
316,0.35196,-0,0.93602,-0.53992,-0.81687,0.20302,0.7646,-0.57683,-0.2875
317,0.16041,-0,0.98705,-0.92721,-0.34291,0.15068,0.33847,-0.93937,-0.055004
318,0.19426,-0,0.98095,-0.29039,-0.95518,0.057507,0.93698,-0.29603,-0.18555
319,-0.9364,0,-0.35093,0.32842,-0.35237,-0.87634,-0.12366,-0.93586,0.32996
320,0.22454,-0,0.97447,-0.86499,-0.4605,0.19931,0.44874,-0.88766,-0.1034
321,-0.12973,0,0.99155,-0.9083,-0.40108,-0.11884,0.39769,-0.91604,0.052033
322,0.99952,-0,0.030973,-0.030965,0.022707,0.99926,-0.00070329,-0.99974,0.022696
323,0.48599,0,-0.87396,0.82704,0.32326,0.4599,0.28252,-0.94631,0.1571
324,0.86769,-0,0.4971,-0.45074,-0.42168,0.78678,0.20962,-0.90674,-0.36589
325,-0.45266,0,0.89169,-0.88493,0.12282,-0.44923,-0.10951,-0.99243,-0.055594
326,0.15397,-0,0.98808,-0.92816,0.34293,0.14463,-0.33884,-0.93936,0.0528
327,0.9994,0,-0.034673,0.034666,-0.020482,0.99919,-0.00071017,-0.99979,-0.02047
328,-0.06487,0,0.99789,-0.98593,0.1544,-0.064092,-0.15407,-0.98801,-0.010016
329,0.4869,0,-0.87346,0.86126,0.16658,0.48009,0.1455,-0.98603,0.081106
330,0.058779,-0,0.99827,-0.99745,-0.040668,0.058731,0.040598,-0.99917,-0.0023904
331,0.13867,0,-0.99034,0.96781,0.21207,0.13552,0.21002,-0.97725,0.029409
332,0.99999,-0,0.0053955,-0.0051207,-0.31505,0.94906,0.0016998,-0.94908,-0.31504
333,-0.17975,0,0.98371,-0.96209,0.20851,-0.1758,-0.20511,-0.97802,-0.03748
334,-0.55855,0,0.82947,-0.65324,-0.61627,-0.43988,0.51118,-0.78753,0.34422
335,0.0015501,-0,1,-0.98037,0.19716,0.0015196,-0.19716,-0.98037,0.00030562
336,0.95332,0,-0.30195,0.2858,-0.32266,0.90234,-0.097427,-0.94651,-0.3076
337,0.6073,-0,0.79447,-0.64998,0.57503,0.49685,-0.45685,-0.81813,0.34922
338,0.80253,-0,0.59661,-0.51053,0.51744,0.68674,-0.30871,-0.85572,0.41526
339,-0.99054,0,0.1372,-0.12202,-0.4572,-0.88095,0.062729,-0.88936,0.45288
340,0.52849,0,-0.84894,0.84857,0.029566,0.52826,0.0251,-0.99956,0.015625
341,-0.8311,0,0.55612,-0.35714,-0.76654,-0.53373,0.42629,-0.64219,0.63708
342,0.44266,0,-0.89669,0.8932,0.088168,0.44094,0.079059,-0.99611,0.039028
343,0.66307,0,-0.74856,0.74099,0.14185,0.65636,0.10618,-0.98989,0.094057
344,0.44145,-0,0.89728,-0.84907,0.32339,0.41773,-0.29017,-0.94627,0.14276
345,0.89058,-0,0.45483,-0.36536,0.5956,0.71539,-0.2709,-0.80328,0.53042
346,-0.98658,0,0.16329,-0.15833,0.24456,-0.95662,-0.039934,-0.96963,-0.24128
347,0.36242,0,-0.93202,0.92972,0.070122,0.36152,0.065355,-0.99754,0.025413
348,0.62946,-0,0.77704,-0.62386,0.59616,0.50537,-0.46323,-0.80287,0.37525
349,0.82525,-0,0.56477,-0.46501,0.56752,0.67948,-0.32052,-0.82336,0.46834
350,-0.42808,0,0.90374,-0.88506,-0.20228,-0.41923,0.18281,-0.97933,0.086593
351,-0.65575,0,0.75498,-0.44512,-0.80771,-0.38661,0.60981,-0.58957,0.52966
352,-0.83106,0,-0.55619,0.15008,-0.96291,-0.22424,-0.53556,-0.26983,0.80023
353,-0.19861,0,-0.98008,0.9772,-0.076616,-0.19803,-0.07509,-0.99706,0.015217
354,-0.76577,0,0.64312,-0.63831,-0.12209,-0.76004,0.078516,-0.99252,0.09349
355,0.87941,-0,0.47607,-0.47565,0.042148,0.87863,-0.020065,-0.99911,0.037065
356,-0.85387,0,0.52049,-0.22297,-0.9036,-0.36578,0.47032,-0.42838,0.77155
357,0.92802,-0,0.37253,-0.35352,0.31529,0.88069,-0.11745,-0.949,0.2926
358,0.89619,-0,0.44367,-0.36733,0.56081,0.742,-0.24881,-0.82794,0.5026
359,-0.27967,0,0.9601,-0.95934,-0.039675,-0.27945,0.038092,-0.99921,0.011096
360,0.81563,0,-0.57858,0.57592,-0.095822,0.81187,-0.055441,-0.9954,-0.078155
361,0.69438,-0,0.71961,-0.6749,-0.34697,0.65124,0.24968,-0.93788,-0.24093
362,0.83541,-0,0.54963,-0.46827,0.52358,0.71175,-0.28777,-0.85198,0.4374
363,0.69115,0,-0.72271,0.71618,0.13418,0.6849,0.096971,-0.99096,0.092736
364,-0.43152,0,-0.9021,0.88636,0.18602,-0.42399,0.16781,-0.98255,-0.08027
365,-0.83442,0,-0.55113,0.55101,-0.021397,-0.83423,-0.011793,-0.99977,0.017854
366,0.70755,0,-0.70666,0.61789,-0.48524,0.61867,-0.3429,-0.87438,-0.34334
367,0.0071783,-0,0.99997,-0.97988,0.19947,0.007034,-0.19946,-0.9799,0.0014318
368,0.49439,-0,0.86924,-0.8657,0.090138,0.49238,-0.078352,-0.99593,0.044563
369,0.61283,-0,0.79021,-0.78867,0.062496,0.61163,-0.049386,-0.99805,0.0383
370,-0.23721,0,0.97146,-0.96365,0.12651,-0.2353,-0.1229,-0.99196,-0.03001
371,0.81336,-0,0.58177,-0.46288,0.60576,0.64715,-0.35241,-0.79565,0.4927
372,-0.99991,0,0.013055,-0.012443,-0.30262,-0.95303,0.0039506,-0.95311,0.3026
373,0.99718,0,-0.075111,0.036013,-0.87756,0.47811,-0.065915,-0.47946,-0.87508
374,-0.73821,0,0.67457,-0.56655,-0.54279,-0.62,0.36615,-0.83987,0.40069
375,0.62785,-0,0.77834,-0.62133,0.60228,0.5012,-0.46878,-0.79829,0.37814
376,0.30061,0,-0.95375,0.95067,0.080226,0.29964,0.076515,-0.99678,0.024117
377,-0.38363,0,-0.92348,0.34214,-0.92884,-0.14213,-0.85777,-0.37049,0.35633
378,-0.70844,0,-0.70577,0.70528,0.037311,-0.70795,0.026333,-0.9993,-0.026433
379,0.9899,-0,0.14177,-0.13399,-0.32672,0.93557,0.04632,-0.94512,-0.32342
380,-0.39352,0,-0.91932,0.83594,-0.41614,-0.35783,-0.38256,-0.9093,0.16376
381,-0.95894,0,-0.28361,0.28349,0.028637,-0.95855,0.0081217,-0.99959,-0.027461
382,-0.88585,0,-0.46397,0.43159,-0.36702,-0.82403,-0.17028,-0.93021,0.32512
383,-0.6612,0,-0.75021,0.153,-0.97898,-0.13485,-0.73444,-0.20395,0.64731
384,-0.23423,0,-0.97218,0.95899,0.16418,-0.23105,0.15961,-0.98643,-0.038455
385,0.9518,-0,0.30672,-0.28659,-0.35628,0.88934,0.10928,-0.93438,-0.33911
386,-0.47785,0,-0.87844,0.87776,0.039325,-0.47748,0.034544,-0.99923,-0.018791
387,-1,0,-0.00044488,0.00041235,-0.37536,-0.92688,-0.00016699,-0.92688,0.37536
388,-0.021269,0,0.99977,-0.98736,0.1571,-0.021005,-0.15707,-0.98758,-0.0033414
389,0.29728,0,-0.95479,0.92397,0.25203,0.28769,0.24064,-0.96772,0.074925
390,0.94998,-0,0.3123,-0.3056,-0.20608,0.92959,0.064359,-0.97853,-0.19577
391,-0.97141,0,0.23742,-0.23207,0.21101,-0.94954,-0.050097,-0.97748,-0.20497
392,0.70077,0,-0.71339,0.66844,0.34936,0.65661,0.24923,-0.93699,0.24482
393,0.43977,-0,0.89811,-0.86456,-0.27077,0.42334,0.24318,-0.96265,-0.11908
394,-0.87018,0,-0.49274,0.44613,-0.42452,-0.78787,-0.20918,-0.90542,0.36941
395,-0.45681,0,-0.88956,0.87183,0.19867,-0.44771,0.17673,-0.98007,-0.090754
396,-0.99841,0,-0.056443,0.055686,0.16328,-0.98501,0.0092159,-0.98658,-0.16302
397,0.99277,0,-0.12004,0.11964,-0.081704,0.98945,-0.0098077,-0.99666,-0.081113
398,0.93635,-0,0.35105,-0.32317,-0.39061,0.86197,0.13713,-0.92056,-0.36575
399,0.49042,0,-0.87148,0.69609,-0.60168,0.39172,-0.52436,-0.79874,-0.29508
400,0.19724,0,-0.98035,0.97,-0.14494,0.19516,-0.14209,-0.98944,-0.028589
401,0.67365,0,-0.73905,0.57263,-0.63219,0.52195,-0.46722,-0.77481,-0.42587
402,-0.3231,0,-0.94636,0.80464,-0.52639,-0.27471,-0.49816,-0.85024,0.17008
403,-0.25635,0,-0.96658,0.96277,0.08875,-0.25534,0.085785,-0.99605,-0.022751
404,-0.36548,0,-0.93082,0.81571,-0.4817,-0.32029,-0.44838,-0.87633,0.17605
405,0.6652,0,-0.74667,0.6378,-0.51995,0.56821,-0.38823,-0.8542,-0.34587
406,-0.30075,0,-0.9537,0.82358,-0.50425,-0.25972,-0.4809,-0.86356,0.15165
407,0.93316,-0,0.35946,-0.32767,-0.41117,0.85063,0.1478,-0.91156,-0.38369
408,-0.96513,0,-0.26177,0.22518,-0.50992,-0.83023,-0.13348,-0.86022,0.49214
409,-0.2919,0,-0.95645,0.77714,-0.58293,-0.23717,-0.55754,-0.81252,0.17016
410,0.98252,-0,0.18614,-0.13361,-0.69622,0.70528,0.12959,-0.71783,-0.68405
411,-0.27432,0,-0.96164,0.79733,-0.55904,-0.22745,-0.53759,-0.82914,0.15336
412,-0.31176,0,-0.95016,0.82064,-0.50404,-0.26926,-0.47892,-0.86368,0.15714
413,0.91316,-0,0.40759,-0.37566,-0.38801,0.84162,0.15815,-0.92166,-0.35431
414,0.80832,-0,0.58875,-0.52719,-0.44516,0.72381,0.26209,-0.89545,-0.35984
415,-0.94686,0,-0.32163,0.32011,-0.097142,-0.94239,-0.031244,-0.99527,0.09198
416,0.61803,-0,0.78615,-0.50888,-0.76223,0.40005,0.59923,-0.6473,-0.47108
417,0.77215,0,-0.63544,0.56508,-0.45739,0.68665,-0.29064,-0.88927,-0.35317
418,-0.99709,0,-0.076183,0.074103,-0.23206,-0.96988,-0.017679,-0.9727,0.23138
419,0.96621,-0,0.25774,-0.25774,-0.0067089,0.96619,0.0017292,-0.99998,-0.0064823
420,0.10069,-0,0.99492,-0.98997,-0.099595,0.10019,0.099089,-0.99503,-0.010029
421,-0.32276,0,-0.94648,0.81424,-0.50982,-0.27767,-0.48254,-0.86028,0.16455
422,0.73433,-0,0.67879,-0.67537,0.10029,0.73063,-0.068074,-0.99496,0.073645
423,-0.6071,0,0.79462,-0.55419,0.71665,-0.42341,-0.56947,-0.69743,-0.43508
424,-0.50562,0,0.86276,-0.85832,-0.10135,-0.50301,0.087444,-0.99485,0.051246
425,-0.054888,0,0.99849,-0.95372,-0.2961,-0.052426,0.29565,-0.95516,0.016252
426,-0.6018,0,0.79865,-0.79706,0.063104,-0.6006,-0.050398,-0.99801,-0.037976
427,0.91441,0,-0.4048,0.40411,-0.05849,0.91284,-0.023677,-0.99829,-0.053484
428,-0.57537,0,0.81789,-0.81686,0.050141,-0.57465,-0.04101,-0.99874,-0.02885
429,-0.75187,0,0.65931,-0.65931,0.0045993,-0.75186,-0.0030324,-0.99999,-0.0034581
430,0.061465,-0,0.99811,-0.9875,-0.14543,0.060812,0.14515,-0.98937,-0.0089386
431,0.057393,-0,0.99835,-0.98379,-0.17016,0.056556,0.16988,-0.98542,-0.009766
432,-0.21133,0,-0.97742,0.89948,-0.39129,-0.19448,-0.38245,-0.92027,0.082689
433,0.029093,-0,0.99958,-0.99477,-0.09796,0.028953,0.097918,-0.99519,-0.0028499
434,0.99767,0,-0.068215,0.055105,-0.58943,0.80594,-0.040208,-0.80782,-0.58806
435,-0.049296,0,-0.99878,0.87836,-0.47602,-0.043353,-0.47544,-0.87943,0.023466
436,0.98996,0,-0.14136,0.12972,-0.39733,0.90846,-0.056166,-0.91768,-0.39334
437,-0.032476,0,0.99947,-0.99628,0.07984,-0.032372,-0.079797,-0.99681,-0.0025929
438,0.18031,-0,0.98361,-0.94164,-0.28898,0.17262,0.28424,-0.95734,-0.052107
439,0.79031,-0,0.6127,-0.60028,0.20033,0.77429,-0.12274,-0.97973,0.15832
440,0.035052,-0,0.99939,-0.99491,-0.094543,0.034895,0.094485,-0.99552,-0.003314
441,-0.71258,0,-0.7016,0.66016,0.33855,-0.6705,0.23753,-0.94095,-0.24125
442,0.5597,0,-0.8287,0.81822,0.15851,0.55262,0.13136,-0.98736,0.088719
443,-0.3855,0,0.92271,-0.9164,0.11667,-0.38287,-0.10766,-0.99317,-0.044979
444,0.66189,0,-0.74961,0.64245,-0.51522,0.56727,-0.38621,-0.85706,-0.34102
445,-0.97269,0,0.23209,-0.22388,-0.26361,-0.93829,0.061181,-0.96463,0.25641
446,0.017591,-0,0.99985,-0.97421,0.225,0.01714,-0.22497,-0.97436,0.003958
447,0.20132,-0,0.97953,-0.97006,0.13868,0.19937,-0.13584,-0.99034,0.027918
448,-0.10043,0,0.99494,-0.984,-0.14788,-0.099327,0.14714,-0.989,0.014852
449,-0.3232,0,-0.94633,0.94592,0.02941,-0.32306,0.027832,-0.99957,-0.0095053
450,-0.34359,0,-0.93912,0.88136,-0.3453,-0.32245,-0.32428,-0.93849,0.11864
451,-0.0092089,0,-0.99996,0.99972,0.021955,-0.0092067,0.021954,-0.99976,-0.00020218
452,-0.37506,0,-0.927,0.92613,-0.043283,-0.37471,-0.040123,-0.99906,0.016234
453,-0.60755,0,0.79428,-0.37336,-0.88263,-0.28559,0.70106,-0.47007,0.53624
454,-0.81787,0,-0.57541,0.5094,-0.46506,-0.72404,-0.2676,-0.88528,0.38035
455,-0.069209,0,0.9976,-0.99657,-0.045486,-0.069138,0.045377,-0.99896,0.003148
456,-0.9687,0,0.24822,-0.24582,0.1385,-0.95937,-0.034377,-0.99036,-0.13416
457,0.66491,0,-0.74693,0.55331,-0.67174,0.49255,-0.50174,-0.74079,-0.44664
458,-0.20145,0,0.9795,-0.97917,0.026005,-0.20138,-0.025472,-0.99966,-0.0052386
459,0.82464,0,-0.56567,0.54272,-0.28194,0.79118,-0.15949,-0.95943,-0.2325
460,0.9179,0,-0.39682,0.39559,-0.078645,0.91505,-0.031208,-0.9969,-0.072188
461,-0.96038,0,0.27868,-0.27835,-0.048397,-0.95926,0.013487,-0.99883,0.04648
462,0.30086,0,-0.95367,0.94818,0.10715,0.29913,0.10218,-0.99424,0.032237
463,0.96199,0,-0.2731,0.21402,-0.62121,0.75386,-0.16965,-0.78365,-0.59759
464,-0.21735,0,0.97609,-0.97353,0.072424,-0.21678,-0.070693,-0.99737,-0.015741
465,-0.021069,0,0.99978,-0.98873,-0.14826,-0.020836,0.14823,-0.98895,0.0031237
466,0.999,-0,0.044637,-0.040683,-0.41148,0.91051,0.018367,-0.91142,-0.41107
467,0.9169,-0,0.39913,-0.36559,0.40125,0.83985,-0.16015,-0.91597,0.3679
468,-0.42433,0,-0.90551,0.88921,0.1889,-0.41669,0.17105,-0.982,-0.080154
469,0.87384,-0,0.48622,-0.39496,-0.58324,0.70982,0.28358,-0.8123,-0.50966
470,-0.94694,0,0.32142,-0.29412,-0.40333,-0.8665,0.12964,-0.91506,0.38192
471,-0.85344,0,0.52118,-0.38718,-0.66943,-0.63401,0.34889,-0.74288,0.57132
472,-0.99981,0,0.019638,-0.01791,-0.41011,-0.91186,0.0080536,-0.91204,0.41003
473,-0.4209,0,0.90711,-0.89559,0.15884,-0.41556,-0.14408,-0.9873,-0.066855
474,-0.6456,0,0.76367,-0.5405,-0.70645,-0.45693,0.5395,-0.70776,0.45609
475,-0.97137,0,-0.23757,0.23724,0.05234,-0.97004,0.012434,-0.99863,-0.050841
476,-0.60538,0,-0.79594,0.46988,-0.80715,-0.35738,-0.64244,-0.59035,0.48863
477,-0.9694,0,0.24549,-0.24453,0.088433,-0.9656,-0.021709,-0.99608,-0.085727
478,-0.17224,0,-0.98505,0.98434,-0.038129,-0.17212,-0.037559,-0.99927,0.0065675
479,0.35142,-0,0.93622,-0.27429,-0.95612,0.10296,0.89514,-0.29297,-0.336
480,0.014332,-0,0.9999,-0.99528,-0.095963,0.014266,0.095953,-0.99538,-0.0013753
481,-0.43139,0,-0.90216,0.86107,-0.29839,-0.41174,-0.26919,-0.95445,0.12872
482,0.56455,0,-0.8254,0.8238,0.062189,0.56346,0.051331,-0.99806,0.035109
483,-0.38304,0,0.92373,-0.92192,-0.062588,-0.38229,0.057815,-0.99804,0.023974
484,-0.51797,0,0.8554,-0.85453,0.044964,-0.51744,-0.038462,-0.99899,-0.02329
485,0.39806,0,-0.91736,0.84909,0.37856,0.36843,0.34728,-0.92558,0.15069
486,0.046725,-0,0.99891,-0.98147,-0.18602,0.04591,0.18581,-0.98255,-0.0086916
487,-0.089963,0,0.99595,-0.93208,-0.35232,-0.084195,0.35089,-0.93588,0.031696
488,-0.039712,0,-0.99921,0.99857,0.035948,-0.039687,0.035919,-0.99935,-0.0014276
489,-0.98206,0,0.18854,-0.18669,0.13986,-0.97241,-0.026369,-0.99017,-0.13735
490,-0.99857,0,0.053522,-0.044874,-0.54503,-0.83721,0.029171,-0.83842,0.54425
491,-0.69847,0,0.71564,-0.48316,-0.73768,-0.47157,0.52791,-0.67515,0.51525
492,0.43873,0,-0.89862,0.25405,-0.9592,0.12403,-0.86196,-0.28271,-0.42083
493,0.2294,0,-0.97333,0.96882,0.096228,0.22834,0.093662,-0.99536,0.022075
494,0.83781,-0,0.54596,-0.54525,-0.050863,0.83673,0.027769,-0.99871,-0.042613
495,0.76303,0,-0.64636,0.29889,-0.88666,0.35284,-0.5731,-0.46242,-0.67655
496,-0.89095,0,-0.4541,0.45131,0.11061,-0.88549,0.050229,-0.99386,-0.098551
497,-0.66986,0,0.74248,-0.68154,-0.39678,-0.61488,0.2946,-0.91792,0.26579
498,-0.16807,0,-0.98578,0.96543,0.20214,-0.1646,0.19926,-0.97936,-0.033972
499,0.2226,0,-0.97491,0.46455,-0.87917,0.10607,-0.85711,-0.4765,-0.19571
500,-0.68185,0,0.73149,-0.30278,-0.91031,-0.28223,0.66588,-0.41392,0.6207
501,0.70379,0,-0.7104,0.68703,-0.2544,0.68064,-0.18073,-0.9671,-0.17904
502,0.26062,0,-0.96544,0.96402,-0.05424,0.26024,-0.052366,-0.99853,-0.014136
503,-0.99957,0,-0.02934,0.0076473,-0.96544,-0.26053,-0.028326,-0.26064,0.96502
504,0.90531,-0,0.42474,-0.38307,-0.43195,0.8165,0.18347,-0.9019,-0.39105
505,-0.45017,0,-0.89294,0.89114,0.063593,-0.44926,0.056785,-0.99798,-0.028628
506,-0.742,0,-0.6704,0.66997,-0.03578,-0.74153,-0.023987,-0.99936,0.026549
507,0.16277,-0,0.98666,-0.50041,-0.86184,0.082553,0.85035,-0.50718,-0.14028
508,-0.82902,0,0.55922,-0.19247,-0.93891,-0.28532,0.52506,-0.34417,0.77837
509,0.57105,-0,0.82092,-0.36183,-0.89763,0.25169,0.73688,-0.44076,-0.51259
510,-0.92774,0,0.37322,-0.30791,-0.56509,-0.76541,0.2109,-0.82503,0.52426
511,-0.14583,0,0.98931,-0.26324,-0.96395,-0.038802,0.95365,-0.26608,0.14057
512,-0.51864,0,0.855,-0.83916,0.19159,-0.50903,-0.16381,-0.98147,-0.099366
513,0.23492,-0,0.97201,-0.92305,-0.3134,0.22309,0.30463,-0.94962,-0.073625
514,-0.96366,0,-0.26713,0.23327,-0.48733,-0.84149,-0.13018,-0.87322,0.46962
515,-0.78022,0,0.6255,-0.18255,-0.95647,-0.2277,0.59827,-0.29184,0.74626
516,0.17804,-0,0.98402,-0.96351,0.20313,0.17432,-0.19989,-0.97915,0.036165
517,-0.74585,0,0.66612,-0.66574,0.033695,-0.74542,-0.022445,-0.99943,-0.025131
518,-0.82265,0,0.56855,-0.20413,-0.93332,-0.29536,0.53064,-0.35904,0.76779
519,0.85541,-0,0.51795,-0.45408,-0.48103,0.74994,0.24915,-0.8767,-0.41148
520,0.99737,0,-0.072513,0.069744,-0.27368,0.95929,-0.019846,-0.96182,-0.27296
521,0.3684,-0,0.92967,-0.91582,0.17197,0.36291,-0.15988,-0.9851,0.063355
522,-0.69835,0,0.71575,-0.71567,-0.014923,-0.69827,0.010681,-0.99989,0.010421
523,-0.48977,0,0.87185,-0.7872,0.42985,-0.44221,-0.37477,-0.9029,-0.21053
524,0.69019,0,-0.72363,0.72107,0.084116,0.68774,0.060869,-0.99646,0.058055
525,0.98791,0,-0.15503,0.15366,-0.13265,0.97918,-0.020565,-0.99116,-0.13104
526,-0.85225,0,0.52314,-0.51864,-0.13097,-0.8449,0.068516,-0.99139,0.11162
527,-0.95919,0,0.28275,-0.079033,-0.96014,-0.26811,0.27148,-0.27952,0.92096
528,-0.99546,0,0.095205,-0.095101,0.046741,-0.99437,-0.00445,-0.99891,-0.046528
529,0.71415,0,-0.69999,0.69802,0.07494,0.71214,0.052457,-0.99719,0.053518
530,0.99885,0,-0.047937,0.04759,-0.12006,0.99163,-0.0057553,-0.99277,-0.11992
531,-0.65468,0,-0.7559,0.75389,0.072989,-0.65294,0.055173,-0.99733,-0.047785
